   1            "a" 1416  3514.590332 3496.475098 5255.789551
   2            "b"  132  355.445312 242.088745 434.872894
   3            "c"   48  384.602051 212.955826 184.676620
   4            "d"  390  1221.733521 804.238037 837.763794
   5            "e"  318  940.154541 1304.141113 1643.044312
   6            "g"  210  864.560730 500.805939 722.457153
   7            "h"   66  192.032196 167.690613 486.552612
   8            "i"  576  1935.247803 1872.949463 2241.522705
   9            "j"   48  203.771362 201.242828 251.720047
  10            "k"  180  663.328369 430.966492 347.325745
  11            "l"   72  165.846985 149.064423 217.458572
  12            "m"  162  465.907074 456.014008 520.362122
  13            "n"  480  769.451355 1292.401855 3203.296875
  14            "o"  156  627.353210 543.436218 628.083374
  15            "p"  138  433.743042 269.537079 435.687775
  16            "r"  438  1154.989746 597.927246 910.441650
  17            "s"  174  847.504517 921.605286 513.444641
  18            "t"  240  905.980652 595.703979 401.112671
  19            "u"  570  1974.570679 1650.809204 3651.103516
  20            "w"  210  450.429810 478.877289 639.521423
  21            "y"  210  750.356689 705.707520 650.763123
  22           "aa"  336  1249.481079 2303.884766 1876.419067
  23           "ai"   36  131.047531 121.870064 484.595886
  24           "bb"   18  102.580605  71.710617 145.508698
  25           "bh"   12   92.605736  60.777504  47.575195
  26           "dd"   60  223.120163 249.560806 285.493866
  27           "dh"   18   47.806843  52.347038 136.326996
  28           "dx"   90  355.461578 164.928513 209.064850
  29           "ee"   66  408.972504 376.539093 233.836411
  30           "ii"   78  228.726685 303.564697 854.856079
  31           "kh"    6   86.442917  33.169277  61.676807
  32           "kk"   12   53.636517  48.699829  97.641838
  33           "ll"  114  886.244385 838.588562 286.566528
  34           "lx"   78  221.056870 289.900513 302.954742
  35           "ng"   24  218.021896  87.112503 119.245506
  36           "nn"   78  752.095703 275.333344 297.024323
  37           "nx"    6   61.242699  29.079090 175.845490
  38           "oo"   54  356.558441 206.604385 263.547516
  39           "ph"   30  150.791458 145.574188 117.460472
  40           "pp"    6   32.289825  68.625305  10.961745
  41           "sh"   24  188.388870  86.633102 203.928650
  42           "sp"    0  4171.729004
  43           "ss"    6   34.243069  59.915268  56.522900
  44           "sx"   42  391.747009 225.875992 292.970642
  45           "th"   12  170.720108  47.330040  62.236126
  46           "tt"   42  166.130814 173.592773 152.138504
  47           "tx"   24  115.126251  86.820938  95.265091
  48           "uu"   72  367.798065 284.947052 264.567902
  49         "txtx"   36  124.791557 241.003098  90.683517
  50         "lxlx"   12   92.545921  71.748528  42.349617
  51          "sil"  360  9760.495117 4171.729004 5655.221680
  52         "nxnx"   24  204.185806  88.177162  58.939541
