   1            "a" 1416  2934.758301 2889.356445 3894.939209
   2            "b"  132  307.747253 284.258331 366.569000
   3            "c"   48  359.989685 169.568893 363.832275
   4            "d"  390  848.044312 838.041138 1221.294312
   5            "e"  318  866.312439 814.313904 1252.733521
   6            "g"  210  1328.466675 856.461121 1167.137817
   7            "h"   66  273.014801 198.143982 867.333191
   8            "i"  576  1471.818359 1283.616211 1744.358154
   9            "j"   48  160.382370 165.823120 512.037109
  10            "k"  180  468.018005 493.627106 459.248505
  11            "l"   72  393.859497 343.256012 594.076172
  12            "m"  162  518.665771 530.947144 1376.441284
  13            "n"  480  1084.005005 1126.102539 1999.332764
  14            "o"  156  348.903809 369.787689 605.404602
  15            "p"  138  289.565338 282.843445 528.898743
  16            "r"  438  874.754395 804.513977 964.804932
  17            "s"  174  1147.019897 989.398743 1468.328369
  18            "t"  240  504.626892 498.389618 726.167053
  19            "u"  570  1326.903320 1336.139038 3672.297607
  20            "w"  210  551.180847 516.506165 680.821350
  21            "y"  210  896.609253 841.487427 1763.160522
  22           "aa"  336  956.824829 922.051819 1510.334595
  23           "ai"   36  152.087677  84.245598 248.709946
  24           "bb"   18   76.311722  79.300339 281.847290
  25           "bh"   12  105.158699  56.469128  39.239548
  26           "dd"   60  198.219727 173.102554 483.390472
  27           "dh"   18   61.509033  59.289814 502.658081
  28           "dx"   90  673.004761 293.915100 273.160156
  29           "ee"   66  191.844147 167.494476 393.924561
  30           "ii"   78  220.746689 224.720428 1068.821533
  31           "kh"    6  113.021606  38.621861  63.001736
  32           "kk"   12   72.779831  58.292812 130.549194
  33           "ll"  114  596.038635 352.303558 702.389465
  34           "lx"   78  198.935257 174.163330 300.948822
  35           "ng"   24  289.956573  58.579372 319.968658
  36           "nn"   78  376.573334 296.103394 648.524475
  37           "nx"    6  169.815811  46.227654 371.298584
  38           "oo"   54  358.053558 295.298706 283.106110
  39           "ph"   30  241.016693 219.567917 683.376465
  40           "pp"    6   40.229435  37.609921  98.458900
  41           "sh"   24  147.360825  99.967674 418.340302
  42           "ss"    6   79.915863  40.160702 174.881271
  43           "sx"   42  627.360962 158.520264 356.467987
  44           "th"   12  172.079132  57.127636 252.347641
  45           "tt"   42  204.154068 172.036301 726.126831
  46           "tx"   24   86.503387  78.175972 251.117371
  47           "uu"   72  263.612671 283.914276 568.245178
  48         "txtx"   36  160.847748 115.673538 289.402710
  49         "lxlx"   12   92.666458  60.434513 412.851959
  50          "sil"  360  9531.785156 1944.089722 7158.623535
  51         "nxnx"   24  158.147507  86.733978 149.528778
