   1            "a" 1416  4806.921875 4806.847656 8161.009766
   2            "b"  132  455.165527 455.156891 785.249756
   3            "c"   48  162.813202 162.809631 277.003723
   4            "d"  390  1346.068359 1346.051758 2324.498291
   5            "e"  318  1086.038086 1086.016846 1854.396973
   6            "g"  210  718.474731 718.460693 1227.636475
   7            "h"   66  235.729080 235.725418 424.263672
   8            "i"  576  1967.585083 1967.550049 3374.011719
   9            "j"   48  160.826859 160.823151 268.269440
  10            "k"  180  606.957520 606.947021 1021.264465
  11            "l"   72  246.969269 246.965439 423.170258
  12            "m"  162  554.058350 554.047180 946.537231
  13            "n"  480  1635.613770 1635.589355 2782.305908
  14            "o"  156  532.077332 532.066772 902.676758
  15            "p"  138  465.373260 465.362335 782.983398
  16            "r"  438  1484.031372 1483.992554 2512.123291
  17            "s"  174  577.690430 577.677551 959.795166
  18            "t"  240  810.746460 810.728821 1369.645630
  19            "u"  570  1940.981812 1940.951538 3303.247559
  20            "w"  210  701.661255 701.648743 1180.303223
  21            "y"  210  710.833191 710.815491 1203.706299
  22           "aa"  336  1147.451416 1147.418945 1957.361816
  23           "ai"   36  125.047012 125.044868 219.374451
  24           "bb"   18   60.472404  60.471138 101.256142
  25           "bh"   12   41.494663  41.493790  71.464958
  26           "dd"   60  199.627838 199.624008 331.703278
  27           "dh"   18   63.991661  63.990177 113.106239
  28           "dx"   90  310.157074 310.151031 534.460815
  29           "ee"   66  228.025299 228.020447 394.648163
  30           "ii"   78  258.891693 258.887115 430.009155
  31           "kh"    6   21.658791  21.658243  38.909107
  32           "kk"   12   41.523251  41.522308  70.861122
  33           "ll"  114  388.400909 388.391022 663.619019
  34           "lx"   78  264.103271 264.096863 446.746185
  35           "ng"   24   81.963943  81.962463 141.246674
  36           "nn"   78  264.163208 264.157654 446.114655
  37           "nx"    6   19.305977  19.305578  31.383982
  38           "oo"   54  185.365463 185.361832 317.263672
  39           "ph"   30  102.645706 102.643341 176.742432
  40           "pp"    6   21.742184  21.741865  38.538559
  41           "sh"   24   85.782661  85.781227 155.483047
  42           "ss"    6   20.102987  20.102545  33.923672
  43           "sx"   42  149.346039 149.343079 268.599915
  44           "th"   12   39.170002  39.169064  64.172836
  45           "tt"   42  143.265549 143.263550 244.158478
  46           "tx"   24   79.329079  79.327652 131.657852
  47           "uu"   72  239.509140 239.504120 397.567078
  48         "txtx"   36  124.206085 124.203873 212.122635
  49         "lxlx"   12   39.633610  39.632839  64.952446
  50          "sil"  360  1240.234497 1240.223633 2139.327637
  51         "nxnx"   24   84.729958  84.728371 147.814163
