   1            "a" 1416  3254.521729 2381.740967 4234.706055
   2            "b"  132  390.411469 217.672226 417.101624
   3            "c"   48  358.142670 146.040375 179.819778
   4            "d"  390  892.565735 775.676025 1121.537231
   5            "e"  318  931.301941 748.892578 1607.391235
   6            "g"  210  1178.451538 567.172424 1127.802124
   7            "h"   66  217.488892 156.169220 1472.855469
   8            "i"  576  2108.579834 1186.264893 2165.739258
   9            "j"   48  256.356873 144.794022 385.638855
  10            "k"  180  543.645935 534.915710 409.226562
  11            "l"   72  234.211273 188.939957 258.129608
  12            "m"  162  584.869507 405.292877 854.205933
  13            "n"  480  799.912476 884.235229 3895.427734
  14            "o"  156  422.447693 435.077271 752.635986
  15            "p"  138  316.832581 241.909271 546.347534
  16            "r"  438  1196.779053 573.547363 793.645142
  17            "s"  174  1006.282654 803.342651 748.955261
  18            "t"  240  565.948425 494.749512 742.246338
  19            "u"  570  1666.915527 1125.165527 4691.686035
  20            "w"  210  609.062195 444.184814 796.273560
  21            "y"  210  811.292236 726.061096 918.668945
  22           "aa"  336  1247.617554 1126.861084 2483.373047
  23           "ai"   36  186.183502  67.072990 348.973083
  24           "bb"   18   91.582283  74.175644 232.723236
  25           "bh"   12  109.137917  74.762932  64.099747
  26           "dd"   60  322.665619 218.527405 187.230301
  27           "dh"   18   51.706165  40.350227 389.999969
  28           "dx"   90  660.669189 204.562241 233.438599
  29           "ee"   66  291.302582 194.444031 327.314362
  30           "ii"   78  235.505798 301.889313 995.469543
  31           "kh"    6  102.941177 112.108025  65.125870
  32           "kk"   12   61.632580  59.449047 110.260910
  33           "ll"  114  1274.300781 582.313965 618.619690
  34           "lx"   78  241.646103 190.394348 282.745697
  35           "ng"   24  212.033096  85.214890 166.987686
  36           "nn"   78  865.148804 195.155823 293.298706
  37           "nx"    6   90.082687  32.886574 208.039902
  38           "oo"   54  335.730194 243.859772 265.793762
  39           "ph"   30  141.062729 236.917023 134.717484
  40           "pp"    6   33.332691  75.407745   9.699265
  41           "sh"   24  187.187408 108.952682 303.685638
  42           "ss"    6   43.954273  57.312626  72.054733
  43           "sx"   42  443.007172 205.696960 291.372498
  44           "th"   12  171.189163  33.814434  62.080208
  45           "tt"   42  323.496338 188.385147 258.394714
  46           "tx"   24   87.350975  88.644432 130.571991
  47           "uu"   72  259.902954 220.602753 293.241699
  48         "txtx"   36  188.101868 158.477768 201.824921
  49         "lxlx"   12  112.261017 110.235710 200.221786
  50          "sil"  360  8893.291016 3574.686768 6048.122070
  51         "nxnx"   24  225.158112  64.465508  57.833092
