   1            "a" 1416  3675.598877 2881.807861 5007.746094
   2            "b"  132  354.165314 214.808273 443.447052
   3            "c"   48  324.953735 186.667450 142.121368
   4            "d"  390  1121.947388 820.338074 881.876953
   5            "e"  318  921.178284 1114.821655 1632.044434
   6            "g"  210  887.380310 496.141296 875.791443
   7            "h"   66  181.999634 164.945114 911.251892
   8            "i"  576  2180.996826 1664.375000 2175.256348
   9            "j"   48  234.746948 189.448502 279.395203
  10            "k"  180  618.826599 436.117493 346.659241
  11            "l"   72  183.329575 149.825592 244.315216
  12            "m"  162  525.106018 434.236511 582.454773
  13            "n"  480  745.865356 1017.069336 3962.587891
  14            "o"  156  522.285461 503.640289 728.162964
  15            "p"  138  394.016968 251.590302 406.887756
  16            "r"  438  1248.117310 552.545776 877.949036
  17            "s"  174  908.417908 857.482239 511.408691
  18            "t"  240  793.144531 597.537842 615.702087
  19            "u"  570  2006.195801 1457.456177 3682.749023
  20            "w"  210  496.429169 491.840363 728.131348
  21            "y"  210  757.200195 738.789001 693.698364
  22           "aa"  336  1187.527466 2144.694580 1945.338867
  23           "ai"   36  147.639603  79.361603 435.551544
  24           "bb"   18  104.544785  65.698792 145.747269
  25           "bh"   12   93.489853  66.777794  47.538963
  26           "dd"   60  230.693390 254.233353 188.707520
  27           "dh"   18   50.243935  46.973343 295.700470
  28           "dx"   90  381.596375 171.504181 209.492523
  29           "ee"   66  377.164795 337.960388 270.272430
  30           "ii"   78  230.300812 304.389801 909.368958
  31           "kh"    6  102.686516  73.157692  63.130608
  32           "kk"   12   55.097244  55.027016  95.479164
  33           "ll"  114  1012.196533 733.609619 396.472046
  34           "lx"   78  230.107834 272.634583 303.242493
  35           "ng"   24  224.231781  90.642693 145.454132
  36           "nn"   78  850.343018 239.994492 286.773743
  37           "nx"    6   64.775673  30.675655 177.381989
  38           "oo"   54  354.033997 223.087357 265.035156
  39           "ph"   30  135.379318 139.564087 117.245743
  40           "pp"    6   34.348427  69.936943  10.384903
  41           "sh"   24  198.703140 106.335609 217.152618
  42           "sp"    0  3404.562500
  43           "ss"    6   36.652527  58.928696  59.204235
  44           "sx"   42  395.347534 205.936493 286.495636
  45           "th"   12  174.437210  40.922966  60.606274
  46           "tt"   42  182.899231 204.368713 112.960861
  47           "tx"   24   96.694862  93.174538 107.147728
  48           "uu"   72  321.471832 245.187851 210.690384
  49         "txtx"   36  153.152084 249.285294 166.678680
  50         "lxlx"   12  108.364220  81.786423  44.164257
  51          "sil"  360  10432.385742 3404.562500 5414.837891
  52         "nxnx"   24  202.489578  78.421249  52.229153
