   1            "a" 1416  3525.215820 3856.721680 5532.818848
   2            "b"  132  400.750031 305.361572 336.245911
   3            "c"   48  421.621216 241.137390 166.072617
   4            "d"  390  1206.097046 776.285400 820.552917
   5            "e"  318  914.085327 1419.748535 1619.491089
   6            "g"  210  720.682495 492.695984 644.910522
   7            "h"   66  190.246521 154.458023 389.588074
   8            "i"  576  1733.195312 1987.257935 2341.937744
   9            "j"   48  186.120071 206.605743 230.346222
  10            "k"  180  701.094788 445.799103 359.749268
  11            "l"   72  158.248993 180.590500 197.129013
  12            "m"  162  545.589233 412.664093 474.143158
  13            "n"  480  889.744324 1305.610962 2561.064697
  14            "o"  156  744.596558 578.606323 579.299927
  15            "p"  138  477.005341 292.947266 472.465424
  16            "r"  438  1335.850952 715.825562 995.748596
  17            "s"  174  782.652161 930.792786 559.832642
  18            "t"  240  902.077148 622.921570 414.165466
  19            "u"  570  1950.169312 2045.249146 3728.217529
  20            "w"  210  508.829163 430.118683 493.155029
  21            "y"  210  782.556763 632.265259 580.047302
  22           "aa"  336  1325.599731 2344.260010 1742.227173
  23           "ai"   36  113.151962 197.811951 437.708588
  24           "bb"   18  107.081139  69.023552 143.862289
  25           "bh"   12   91.063538  59.242001  44.936359
  26           "dd"   60  216.509109 260.698395 294.271362
  27           "dh"   18   47.000549  56.448017 132.510910
  28           "dx"   90  306.925476 157.008011 196.063766
  29           "ee"   66  419.196655 494.618073 185.080154
  30           "ii"   78  238.496841 325.515686 783.180847
  31           "kh"    6   94.833374  33.272858  72.424210
  32           "kk"   12   44.651546  41.856827 101.019073
  33           "ll"  114  619.165222 901.805176 395.554199
  34           "lx"   78  210.576721 302.789337 321.270782
  35           "ng"   24  169.726715  89.259346 126.522163
  36           "nn"   78  592.063110 281.985321 281.623993
  37           "nx"    6   58.831924  26.276522 137.556305
  38           "oo"   54  357.024750 215.935822 231.915115
  39           "ph"   30  161.387115 122.034050  90.151855
  40           "pp"    6   34.305958  65.469116  12.958922
  41           "sh"   24  143.539932  86.690643 207.143768
  42           "sp"    0  4683.064941
  43           "ss"    6   31.636755  58.426899  40.553078
  44           "sx"   42  401.231903 242.366699 211.129120
  45           "th"   12  185.658524  55.973003  22.943222
  46           "tt"   42   83.476654 191.447418 290.460541
  47           "tx"   24  128.666000  74.496956  74.887085
  48           "uu"   72  407.164062 310.788452 273.083038
  49         "txtx"   36  127.414024 221.260132 142.216843
  50         "lxlx"   12   80.659767  52.380192  40.069901
  51          "sil"  360  8943.431641 4683.064941 5649.780762
  52         "nxnx"   24  204.978989  95.982712  62.843056
