   1            "a" 1416  3579.919189 3779.629883 5461.067383
   2            "b"  132  339.473541 284.575409 390.116455
   3            "c"   48  422.972046 241.281952 151.647430
   4            "d"  390  1219.999634 785.359375 816.833618
   5            "e"  318  916.471741 1381.556396 1636.023315
   6            "g"  210  805.377319 515.487854 668.376770
   7            "h"   66  190.723282 154.598480 446.099792
   8            "i"  576  1817.101685 1961.933960 2331.751221
   9            "j"   48  193.608047 205.176559 238.087326
  10            "k"  180  690.843567 441.052612 351.271729
  11            "l"   72  160.132202 168.094391 209.623550
  12            "m"  162  487.747467 441.902588 471.049133
  13            "n"  480  844.347778 1317.009766 2766.556641
  14            "o"  156  670.652893 563.407776 587.359375
  15            "p"  138  453.330078 282.323822 456.838379
  16            "r"  438  1256.641968 660.467224 968.401184
  17            "s"  174  812.344910 933.621460 529.144653
  18            "t"  240  920.034546 610.257996 398.233398
  19            "u"  570  1972.800171 1889.569458 3801.348633
  20            "w"  210  460.946259 442.948425 590.902649
  21            "y"  210  788.092407 673.133728 607.208069
  22           "aa"  336  1306.533081 2357.817627 1780.836670
  23           "ai"   36  142.262375 170.481216 441.945526
  24           "bb"   18  104.676437  70.129471 148.195251
  25           "bh"   12   90.150475  59.956059  45.372688
  26           "dd"   60  214.620560 255.239960 285.672180
  27           "dh"   18   48.082520  54.844143 137.113861
  28           "dx"   90  326.710480 159.998795 203.502731
  29           "ee"   66  408.244965 430.134308 224.013184
  30           "ii"   78  230.192612 309.859161 816.726135
  31           "kh"    6   94.898636  33.612736  67.799881
  32           "kk"   12   49.053421  43.250866 102.919594
  33           "ll"  114  706.967712 816.100037 322.030762
  34           "lx"   78  222.003036 294.102844 314.159485
  35           "ng"   24  170.917923  87.790100 119.665230
  36           "nn"   78  645.107727 280.068634 283.911011
  37           "nx"    6   59.359760  27.992388 137.661682
  38           "oo"   54  365.170990 213.511658 240.792923
  39           "ph"   30  157.585556 112.107445  98.535797
  40           "pp"    6   32.648636  67.077759  10.936249
  41           "sh"   24  158.900345  86.803322 206.597336
  42           "sp"    0  4434.881836
  43           "ss"    6   32.912258  59.299385  55.296913
  44           "sx"   42  392.320404 246.670334 226.081512
  45           "th"   12  180.196198  54.244179  18.278591
  46           "tt"   42   83.543610 169.555115 247.803070
  47           "tx"   24  122.899857  82.617271  77.003746
  48           "uu"   72  405.762817 312.595917 288.545166
  49         "txtx"   36  109.042183 227.482742  98.121513
  50         "lxlx"   12   86.750908  49.134396  40.949074
  51          "sil"  360  9299.332031 4434.881836 5592.202148
  52         "nxnx"   24  201.732132  89.101761  62.381763
